Inversion
98 99 100 99 100 102 99 98 99 99 97 96 95 93 94 94 93 93 91 91 92 92 92 94 96 95 96 96 94 93 94 93 92 93 93 92 115 145 148 135 185 161 137 142 134 118 115 120 125 124 122 118 123 131 132 132 131 137 135 118 128 137 137 132 
97 98 97 98 99 99 99 98 98 98 96 94 94 92 93 94 92 91 89 89 90 90 92 93 94 94 95 95 94 92 92 92 93 93 93 91 119 143 153 154 187 162 121 108 119 118 111 122 126 119 115 115 119 129 132 133 122 135 135 114 133 142 136 118 
98 98 96 97 98 97 97 96 95 95 94 92 92 89 89 91 92 91 89 88 88 89 91 92 93 92 93 92 93 92 91 92 92 92 91 92 118 146 142 112 185 163 126 114 120 120 113 123 126 122 116 118 117 131 133 126 120 138 134 118 125 123 136 121 
96 97 96 95 96 96 95 93 93 94 93 92 90 87 87 88 89 90 87 86 87 88 90 91 92 91 92 91 92 91 93 93 92 92 92 91 107 139 132 109 188 159 124 137 125 120 113 125 124 114 115 121 113 131 128 129 126 137 138 128 134 128 134 128 
94 95 95 93 93 94 94 92 92 92 92 90 89 87 83 85 86 88 85 84 86 87 89 91 91 90 91 91 91 92 92 92 92 93 92 91 95 108 115 121 189 159 122 134 139 121 112 126 124 110 116 121 120 131 122 134 121 136 132 131 130 131 133 135 
93 95 95 92 93 94 93 91 91 92 91 88 89 87 85 85 86 88 85 85 86 87 89 90 91 90 91 91 92 91 91 91 92 92 91 91 91 90 91 119 188 157 128 109 118 113 113 135 123 113 124 124 115 125 121 126 124 137 123 127 130 131 135 125 
93 94 94 92 93 93 92 91 88 89 87 87 87 86 85 86 87 87 86 84 86 87 89 90 90 90 91 91 91 91 91 92 91 91 90 90 90 86 87 143 182 152 121 111 135 175 213 233 161 114 125 122 119 124 117 128 121 140 132 125 129 132 142 112 
91 92 90 89 91 91 91 90 87 88 86 85 86 83 84 83 84 84 83 82 85 85 86 87 86 81 86 84 87 90 90 91 91 91 90 90 89 83 100 173 186 164 169 211 239 246 246 246 237 145 116 114 109 112 110 121 111 134 125 123 129 138 120 117 
91 90 88 86 87 89 89 87 85 85 85 84 84 82 82 83 83 83 82 81 82 83 84 80 83 153 210 173 92 85 89 90 90 90 90 88 84 74 92 197 227 237 245 246 244 242 242 243 247 209 119 129 132 146 148 155 164 179 177 175 175 191 196 203 
90 88 87 86 87 88 87 86 84 84 84 82 82 81 81 82 82 82 81 80 81 80 78 85 188 247 248 254 202 95 83 89 88 88 84 77 101 166 226 248 247 245 243 244 244 243 243 243 243 243 228 230 237 238 238 236 234 227 224 228 232 230 222 214 
89 87 88 87 87 88 87 84 82 82 82 81 81 81 80 80 80 81 80 80 80 76 84 193 247 242 241 245 253 205 91 77 78 80 99 168 234 251 246 244 243 242 243 243 243 243 243 243 243 244 243 222 214 225 233 235 236 235 223 208 207 221 230 231 
86 86 87 85 86 87 85 83 81 81 81 81 80 80 79 80 80 80 79 76 74 78 192 246 240 244 241 243 246 252 189 141 176 203 232 248 245 244 243 243 241 241 241 243 242 242 242 243 243 243 243 245 230 204 202 205 208 216 223 229 220 207 205 220 
86 85 85 83 83 84 84 83 80 80 80 79 79 79 78 79 78 79 77 74 70 173 247 238 240 242 241 240 245 245 249 251 253 251 246 241 242 244 243 243 242 241 240 242 242 241 241 242 242 242 241 244 246 237 209 196 198 200 201 210 223 214 196 202 
86 84 85 83 81 82 82 81 79 79 79 78 77 78 77 77 77 78 76 64 143 246 240 238 241 241 242 240 244 244 245 245 246 246 244 242 239 243 242 243 242 241 241 242 242 241 242 242 242 242 240 242 246 246 231 203 204 215 210 200 178 144 131 151 
86 84 84 83 82 82 83 81 79 79 79 77 76 76 75 77 77 76 65 115 233 245 241 238 240 244 242 239 243 244 246 245 246 247 245 242 240 241 243 242 241 240 241 241 243 242 242 242 242 241 240 240 246 247 245 212 174 150 126 124 116 112 130 127 
85 83 82 81 80 82 83 82 80 78 78 78 77 74 75 76 74 65 116 229 243 242 243 239 242 245 244 240 242 244 246 245 244 247 246 242 241 240 244 243 242 242 242 241 242 242 241 241 240 240 239 238 243 247 247 240 225 214 207 198 189 190 198 191 
82 80 81 79 79 81 82 81 78 76 77 76 76 75 74 74 74 159 236 242 239 241 241 240 242 243 246 241 239 241 245 245 243 247 246 244 242 241 242 244 242 242 242 241 240 240 240 240 239 240 239 239 241 246 246 246 246 241 222 215 207 192 217 242 
78 78 81 81 78 79 81 79 77 76 76 75 74 74 74 67 125 249 243 240 240 242 244 243 244 243 243 241 238 237 244 244 241 245 246 244 243 241 242 243 241 241 241 240 240 240 240 240 240 241 241 241 240 245 245 245 246 229 224 232 219 190 194 198 
76 76 79 80 77 78 81 80 78 76 76 75 74 74 73 65 149 245 239 241 242 242 243 243 243 242 243 243 239 240 243 243 241 244 244 241 241 240 241 241 240 241 241 241 241 242 242 243 244 245 245 245 245 246 246 245 236 231 225 230 231 194 206 185 
76 76 79 78 76 78 79 79 77 75 75 77 75 75 74 66 150 243 238 240 242 242 243 242 243 243 244 244 241 239 241 243 243 245 242 240 241 239 243 243 243 244 244 243 243 243 242 242 242 242 242 242 241 244 247 239 203 209 219 232 241 214 228 212 
75 76 78 77 76 78 78 78 75 74 75 75 75 74 74 66 149 244 239 240 242 242 243 243 243 242 243 243 243 238 236 236 243 244 241 240 240 240 240 243 241 240 241 241 241 240 239 239 239 239 239 239 239 244 250 229 200 192 174 166 184 201 192 183 
74 74 77 76 74 76 76 76 75 74 73 73 73 72 72 64 153 246 239 240 240 241 242 241 241 242 242 244 246 221 213 224 235 245 242 238 239 240 240 242 240 240 240 241 241 241 240 240 241 242 244 245 241 220 194 175 143 128 116 128 126 132 132 137 
73 72 75 74 74 74 74 76 75 72 73 72 73 70 66 57 173 246 239 239 240 233 240 241 243 242 245 243 223 226 203 216 227 235 243 240 241 241 241 241 241 241 240 241 241 241 244 245 242 229 203 169 141 139 133 137 123 119 120 132 132 135 134 129 
73 73 75 74 73 72 74 76 73 71 71 67 63 67 95 140 234 250 248 245 243 236 239 240 244 243 244 242 225 242 212 223 227 235 238 241 240 240 241 242 241 241 243 247 247 245 217 181 153 122 113 109 118 134 142 144 128 124 129 125 130 135 127 139 
74 72 75 73 73 72 73 74 72 68 67 92 151 189 240 249 244 206 204 241 246 247 249 245 244 244 245 193 225 245 237 237 235 233 240 240 240 240 242 246 246 244 228 194 185 155 119 120 119 109 115 112 115 136 147 132 128 129 128 138 163 187 191 187 
72 70 73 72 72 72 71 73 68 75 188 233 254 251 250 252 229 159 84 126 174 201 211 237 245 243 186 206 244 243 244 242 240 232 239 241 243 247 242 228 224 202 101 59 121 105 117 126 122 109 117 107 103 139 160 181 183 173 173 172 143 106 72 49 
70 68 71 71 70 70 70 72 62 138 250 248 246 247 215 205 227 182 147 107 160 200 211 238 241 190 214 249 242 245 242 240 240 243 247 247 231 182 104 79 134 183 83 58 119 104 107 118 115 126 163 183 209 234 242 237 203 61 34 44 49 70 85 113 
71 70 71 71 70 69 68 70 62 190 250 245 246 243 179 128 160 224 217 181 208 243 240 237 177 217 245 243 242 243 240 240 243 238 201 147 103 84 52 61 136 192 88 52 122 128 162 198 220 235 230 149 198 189 181 174 172 95 76 117 142 141 128 138 
72 69 72 72 70 70 68 69 60 187 250 243 244 245 243 191 138 169 237 246 248 244 232 180 221 245 242 242 241 241 241 246 218 111 84 81 78 73 48 64 145 212 166 186 227 233 225 208 197 190 169 93 155 168 168 145 133 133 127 127 142 131 130 143 
70 68 71 70 69 70 68 69 59 159 252 243 243 249 208 139 106 112 181 241 254 251 184 221 247 244 243 242 243 244 246 247 247 150 79 98 115 144 173 204 225 223 215 197 188 176 177 198 180 136 117 119 118 138 144 134 141 129 129 128 133 133 128 138 
70 66 68 69 68 70 67 68 63 113 247 243 246 239 116 88 78 104 146 168 156 202 183 251 248 246 247 248 247 247 248 249 250 239 201 218 225 221 206 195 191 175 155 143 141 149 148 119 109 113 130 114 116 140 142 134 126 125 131 119 134 137 125 135 
70 67 69 70 69 70 67 69 70 62 177 249 250 205 124 147 81 133 132 80 60 87 146 168 209 243 239 228 243 239 230 227 220 214 198 178 158 131 88 92 147 197 164 174 126 106 108 118 124 118 128 116 119 146 140 134 128 130 128 125 124 132 130 143 
71 68 70 71 71 71 69 71 72 66 92 223 253 238 180 135 88 161 129 127 124 80 132 108 71 171 223 174 169 216 200 211 217 222 172 147 141 133 118 131 170 179 149 159 154 147 153 152 155 145 122 117 128 139 144 137 128 130 121 127 120 122 130 130 
72 69 70 71 71 71 68 70 74 71 74 140 219 223 210 174 201 196 208 215 210 168 160 105 56 166 244 210 179 249 185 80 82 75 79 80 80 78 79 79 71 100 181 112 83 100 92 91 94 109 118 117 127 141 146 140 118 123 128 131 130 131 132 130 
72 69 70 70 72 70 67 70 74 72 71 66 78 127 198 173 159 177 212 218 207 194 90 27 27 137 253 196 115 229 222 193 137 100 101 102 102 109 99 94 115 118 143 160 117 110 112 115 117 114 115 113 126 135 133 136 125 123 132 125 133 140 133 142 
71 70 71 72 73 71 68 68 72 72 72 71 68 88 179 164 104 164 214 200 188 185 68 11 40 135 251 232 206 217 246 194 83 87 92 90 96 108 82 79 133 135 117 196 128 112 126 129 128 119 114 108 124 133 122 126 129 128 126 129 137 137 142 136 
73 71 73 73 74 74 69 70 73 73 73 73 74 72 105 152 103 182 190 180 181 171 81 88 155 234 250 248 252 235 230 225 164 107 84 112 156 154 101 67 112 175 142 120 128 113 127 129 130 119 117 111 129 119 121 133 123 129 131 131 129 130 148 140 
75 72 74 73 74 74 71 71 74 75 75 74 75 75 75 157 178 154 136 189 210 227 215 213 250 191 177 238 230 127 125 177 229 233 186 164 142 121 106 87 108 162 163 152 110 124 127 130 129 120 117 118 126 114 117 125 126 138 132 130 126 126 129 129 
76 73 73 72 74 75 72 72 74 75 74 75 76 77 75 131 139 146 113 147 179 235 212 185 155 84 78 106 107 83 82 81 105 159 215 238 212 153 118 104 111 168 170 155 116 106 141 132 130 118 121 118 118 124 116 120 122 135 130 131 122 121 130 128 
75 74 73 73 76 76 74 74 75 76 76 75 77 78 77 73 103 153 87 142 82 116 96 82 80 86 88 86 85 90 90 88 85 82 80 135 202 234 220 180 133 136 163 146 121 107 113 139 135 119 124 123 124 121 113 118 114 132 136 126 124 129 140 126 
77 76 75 76 77 78 76 75 76 77 77 77 77 78 78 79 91 91 77 147 83 82 85 88 89 90 90 90 90 91 91 90 91 88 61 66 83 114 175 231 235 191 162 144 115 117 128 113 140 115 122 123 123 121 118 116 119 133 134 128 128 126 136 132 
79 77 77 78 79 79 78 76 78 79 80 78 78 81 79 79 79 81 164 191 83 87 88 88 91 91 91 91 92 93 92 92 92 91 60 64 84 92 73 118 194 235 241 215 155 118 132 129 114 127 123 121 123 125 119 118 124 126 127 125 126 126 130 132 
79 78 78 79 80 80 79 78 79 80 80 78 79 82 80 80 82 82 103 111 84 88 88 89 89 91 91 91 92 93 92 91 91 94 76 62 75 79 78 104 166 169 180 217 240 224 184 148 127 103 131 125 124 134 116 119 119 124 129 133 122 128 124 134 
81 80 80 80 82 82 81 78 79 81 81 79 80 81 81 81 83 84 80 80 86 88 88 88 89 91 92 93 93 93 91 91 92 93 95 77 62 72 79 111 175 164 173 148 144 194 236 235 201 140 109 128 126 130 120 121 121 130 134 138 125 122 122 133 
82 82 81 81 83 83 82 79 81 83 82 81 81 83 82 82 82 84 84 84 86 88 88 88 89 91 92 93 94 94 92 93 93 93 92 94 63 71 84 114 178 172 168 141 116 113 147 188 227 243 209 112 125 127 108 119 127 121 127 138 129 120 128 128 
85 84 84 83 84 86 85 82 82 84 84 84 83 85 85 84 84 85 85 85 87 89 88 89 90 92 93 93 95 95 95 93 94 94 93 99 86 71 88 117 140 148 152 146 122 121 134 136 136 167 184 143 232 173 125 118 127 124 124 141 135 130 128 134 
86 87 86 87 87 87 86 84 82 84 85 84 84 85 86 85 86 86 86 87 88 90 89 90 92 93 93 94 95 95 94 94 94 95 94 97 105 92 91 99 102 196 203 166 117 119 138 142 128 116 112 133 201 238 234 186 146 133 130 141 130 137 132 135 
87 87 86 87 87 88 88 85 84 86 85 84 84 86 87 86 86 86 87 88 89 90 89 90 92 94 94 95 96 100 100 100 100 101 101 101 103 104 92 100 165 234 220 164 114 120 142 140 128 122 117 116 124 150 186 236 182 133 156 140 130 136 136 143 
88 86 85 86 86 87 88 86 85 86 85 85 85 88 87 87 87 87 88 89 88 89 89 90 91 94 94 108 108 73 76 77 79 80 80 83 85 81 98 138 192 229 210 149 112 118 146 144 127 122 118 124 130 127 114 143 96 76 126 162 158 138 131 141 
88 87 87 88 86 87 87 86 87 87 87 87 86 89 89 89 90 91 90 90 90 90 90 90 91 93 93 109 112 65 67 69 71 75 73 74 76 75 94 111 159 222 209 154 110 117 148 149 130 124 121 127 137 130 124 130 126 127 115 90 110 151 160 141 
87 89 89 89 88 88 88 87 87 88 88 88 87 89 90 91 91 92 91 91 91 91 92 92 92 94 87 76 95 73 72 73 72 74 72 72 71 71 88 97 109 213 213 165 110 118 147 148 132 126 127 121 139 135 122 131 132 130 144 141 122 94 100 138 
87 88 89 89 89 89 89 89 90 89 89 90 89 91 92 91 92 93 91 91 92 93 91 93 93 95 96 96 95 95 95 94 93 94 96 95 94 94 97 90 70 182 227 165 109 115 148 150 134 127 129 134 139 140 135 135 132 138 137 139 140 136 132 94 
88 89 89 89 88 90 92 90 91 90 91 91 91 93 94 94 93 94 93 92 92 93 93 93 94 96 96 97 96 96 96 96 96 97 98 98 99 100 101 80 64 107 216 154 112 119 150 150 133 127 129 130 136 140 136 141 132 139 140 142 138 126 137 148 
91 93 90 90 90 91 93 92 92 92 92 92 93 93 95 95 96 95 94 95 95 95 95 94 96 96 96 97 96 95 96 95 96 98 97 97 98 100 103 77 67 63 149 150 112 120 151 149 132 126 129 134 135 132 131 138 138 137 143 146 147 125 130 160 
93 94 94 92 92 93 94 95 94 94 95 95 95 95 96 97 98 98 97 97 97 98 98 97 98 98 98 99 98 96 97 97 98 93 96 97 98 101 103 76 67 62 122 146 113 122 155 149 130 130 132 139 136 135 136 129 129 139 151 137 135 133 124 143 
93 95 96 94 93 94 95 96 96 96 96 97 96 96 99 99 98 99 99 99 99 100 99 98 99 100 99 100 99 98 98 99 97 76 98 104 106 109 99 75 64 95 176 146 114 125 157 147 131 128 136 141 138 141 130 135 128 139 149 140 132 132 129 138 
95 96 96 94 93 94 96 96 96 97 98 98 99 99 100 101 102 100 100 100 100 102 101 100 101 101 101 101 100 100 100 99 98 77 101 108 108 109 96 72 69 165 198 154 116 125 156 148 133 128 136 140 139 137 134 136 133 134 141 137 145 148 135 144 
98 97 97 96 94 95 97 96 97 98 98 98 100 100 100 102 103 101 101 102 102 103 102 102 102 102 103 102 101 102 102 101 101 88 96 103 103 105 98 72 96 165 168 148 119 123 152 148 137 128 139 136 138 135 128 136 129 142 149 151 145 140 138 146 
99 99 99 98 97 98 98 99 100 100 101 102 103 102 102 104 106 104 103 104 104 104 105 105 106 104 105 105 104 104 104 103 102 103 102 102 103 103 105 86 126 153 151 149 118 124 146 146 139 129 141 141 134 136 128 141 129 141 152 153 149 143 140 137 
100 101 101 99 98 99 100 100 102 102 103 104 104 104 105 106 107 106 105 105 105 105 105 106 106 106 107 106 105 105 106 105 104 105 105 104 104 103 104 107 148 165 194 188 115 124 140 140 136 135 137 138 134 148 127 142 141 140 146 149 145 143 144 130 
100 103 101 101 100 99 99 101 102 102 103 104 105 105 105 107 107 107 108 107 106 106 106 106 107 108 108 106 107 107 107 106 105 105 106 106 106 103 103 136 181 201 231 202 114 124 141 144 138 139 137 137 131 149 130 140 143 139 144 153 138 144 139 127 
100 103 103 100 99 98 100 101 101 102 104 104 105 105 105 107 107 108 108 109 107 108 108 109 110 110 108 107 107 107 108 106 105 107 107 107 107 102 101 143 173 192 218 193 115 127 146 146 139 141 137 137 128 153 133 134 140 141 137 133 135 141 144 146 
100 104 103 103 101 98 102 102 102 103 104 104 105 106 106 108 108 108 108 109 109 109 109 109 111 112 111 110 110 110 109 108 107 108 107 108 108 103 103 132 161 182 222 191 116 127 145 151 142 139 136 133 131 159 139 142 136 136 128 133 144 139 140 143 
102 105 104 104 102 100 101 103 104 104 105 105 106 107 108 109 110 109 109 109 110 110 110 110 112 113 114 112 112 111 110 109 110 109 108 109 109 105 104 141 177 186 222 194 117 128 147 148 140 135 131 138 132 169 138 143 138 141 140 137 140 135 145 131 
